9.464999876053084437e-17
-6.402968922690036035e-02
9.430924842177247358e-01
3.886103899270144588e-03
-5.966724922742421000e-02
1.056570154442160736e-01
-2.882210209664195361e-04
5.438296065916472383e-03
-2.305781061371486862e-02
2.016792492939202888e-02
1.646915887346805940e-05
-4.750785494757889596e-04
3.331339640454705764e-03
-7.183688291595227704e-03
4.135558532202876503e-03
-5.753110851157081096e-06
1.087502275294036438e-04
-6.944263263225398941e-04
2.052078284825960275e-03
-2.697026307287114094e-03
1.217891071980739537e-03
3.292393064791010460e-06
-2.986732085347165722e-05
2.455666041823317824e-04
-1.014686093452331697e-03
2.059934180227165901e-03
-2.037160716906905034e-03
8.218391287883458629e-04
1.070396321994904199e-06
-2.253166003302053966e-06
2.405492440338274918e-05
1.383531430115825245e-05
-2.965004590942676987e-04
6.451217370922815442e-04
-5.147063261190833183e-04
1.127354942664043728e-04
-1.400432710997601138e-06
5.421670086512564435e-06
-2.471084391591354956e-06
6.550811983349613676e-05
-2.751700359070324842e-04
5.253514060333253077e-04
-6.075731535708367437e-04
4.297161847338776264e-04
-1.527307646538855757e-04
-1.655105936727852001e-06
-9.226934656811347502e-07
6.203219796165407307e-06
1.966775843170037730e-05
-3.421192678297775569e-05
-3.725977904498606330e-05
1.384594831862970277e-04
-1.656539761010072942e-04
8.287282671443074733e-05
-3.133033813051966376e-06
1.868235032786991212e-07
-1.599784963196571042e-06
-1.079577924140151524e-07
9.876366036387640435e-07
1.872691686133354239e-05
-8.140040361029332594e-05
1.773058958123296946e-04
-2.378901488672008346e-04
2.051258050689147572e-04
-1.072748219764080302e-04
2.719416112911821060e-05
3.939300690092295554e-07
-2.747479320164281091e-07
-2.456249023577439239e-06
1.349135029138359698e-06
3.103282698965759145e-06
2.263206691763275380e-06
-3.034880368874004475e-05
7.425388872856625300e-05
-9.481485875101336447e-05
7.147979602026288681e-05
-2.835590711729174540e-05
3.018418659184174402e-06
